e0D8=[-56.62355455, -56.48157819, -56.62657410, -56.63492958, -56.63390190, -56.64321275, -56.64557590, -56.64750015, -56.65076167, -56.65274863, -56.65704886, -56.66349802, -56.66277687, -56.66669550, -56.66601310, -56.66474313, -56.66843996, -56.67306643, -56.66457426, -56.67159588, -56.67314864, -56.67817837, -56.67871967, -56.67453369, -56.67709940, -56.68225150, -56.68076918, -56.68243970, -56.68370381, -56.68471665, -56.68431408, -56.69085996, -56.68925399, -56.68706315, -56.68982880, -56.69242866, -56.69418619, -56.69406829, -56.70142599, -56.69921605, -56.69482026, -56.69279831, -56.69809399, -56.69953018, -56.69172073, -56.69308296, -56.70228430, -56.70634743, -56.69830303, -56.69468106, -56.70432440, -56.70123590, -56.70093241, -56.71179716, -56.70886385, -56.70814997, -56.71107059, -56.70260641, -56.70678703, -56.70513591, -56.70494950, -56.70984897, -56.71162241, -56.71302057, -56.71308547, -56.71611810, -56.71342783, -56.71493256, -56.71697411, -56.71048610, -56.71368559, -56.71060661, -56.72120137, -56.71752304, -56.71746997, -56.71910161, -56.71860457, -56.71525558, -56.72125171, -56.71661107, -56.71969280, -56.73071515, -56.72469030, -56.72755040, -56.72463781, -56.72123934, -56.71755281, -56.72301299, -56.72682739, -56.72802373, -56.72611596, -56.73158785, -56.73083871, -56.73367074, -56.72572854, -56.73594982, -56.73057498, -56.72983840, -56.72943157, -56.73260654, -56.73121099, -56.72488671, -56.73731762, -56.73819226, -56.74126201, -56.73663468, -56.74048500, -56.73752484, -56.74313222, -56.74351193, -56.74107053, -56.74751141, -56.74281728, -56.73912591, -56.74387800, -56.74721363, -56.74398565, -56.74562125, -56.74740837, -56.74804201, -56.74817170, -56.75050260, -56.75278891, -56.75177725, -56.75789821, -56.75368209, -56.75276339, -56.75328872, -56.75775566, -56.76335191, -56.76086782, -56.75852343, -56.75689267, -56.76184672, -56.75913944, -56.76331128, -56.76269311, -56.75876704, -56.76940952, -56.77398011, -56.76729796, -56.76860987, -56.77101477, -56.77645879, -56.77064016, -56.77410182, -56.77118159, -56.77592607, -56.77439420, -56.77564569, -56.77527916, -56.78000105, -56.78015389, -56.78306573, -56.78340109, -56.77925886, -56.78432146, -56.78144755, -56.78214671, -56.78289985, -56.78968998, -56.78414213, -56.79297136, -56.78955427, -56.79387729, -56.79063774, -56.78690670, -56.79196062, -56.79317059, -56.79460878, -56.79396588, -56.79914042, -56.79449426, -56.79794560, -56.79874309, -56.79952112, -56.79939869, -56.80043977, -56.80009824, -56.80649222, -56.80466710, -56.80389396, -56.80415605, -56.80234234, -56.80520855, -56.80942924, -56.80461571, -56.80787114, -56.81090821, -56.80803558, -56.80971585, -56.81431229, -56.81342372, -56.80312163, -56.81189291, -56.81564154, -56.81256243, -56.81015347, -56.81482493, -56.81262862, -56.81864481, -56.81680870, -56.81876528, -56.81706858, -56.81795783, -56.81975578, -56.81734055, -56.81605381, -56.82092123, -56.81714705, -56.81997379, -56.81912341, -56.82448663, -56.82334400, -56.82475078, -56.82419498, -56.82455715, -56.82753222, -56.82450890, -56.82680147, -56.82233997, -56.83189174, -56.82989574, -56.83266087, -56.83060583, -56.82950185, -56.82618164, -56.82722968, -56.83550452, -56.83289514, -56.82837438, -56.83235401, -56.83170321, -56.83053149, -56.83335668, -56.83072446, -56.83418472, -56.83312499, -56.83314401, -56.83813807, -56.83483875, -56.83471618, -56.83670972, -56.83875458, -56.83085102, -56.83339695, -56.83736270, -56.83236573, -56.83687564, -56.83971381, -56.83662814, -56.83848884, -56.84000972, -56.84315492, -56.83887749, -56.83968494, -56.83860892, -56.84028862, -56.84144093, -56.84291765, -56.84198147, -56.83766173, -56.83660017, -56.83980210, -56.84094261, -56.84387553, -56.84419306, -56.84197373, -56.84390599, -56.84668753, -56.84397314, -56.84489846, -56.84483791, -56.85119907, -56.84809731, -56.84811255, -56.84961725, -56.84803926, -56.85002093, -56.84755103, -56.84378992, -56.84608104, -56.84519200, -56.84618584, -56.84919130, -56.84861944, -56.84795272, -56.84731982, -56.85324251, -56.84574239, -56.85179266, -56.84992732, -56.85119298, -56.85032168, -56.85303706, -56.85471831, -56.85073055, -56.85017303, -56.85116518, -56.84911738, -56.85326515, -56.85085275, -56.85330957, -56.85203812, -56.85131121, -56.85057377, -56.85200038, -56.85295778, -56.85481372, -56.85801431, -56.85637046, -56.85713412, -56.86568886, -56.85518437, -56.85313053, -56.85199422, -56.85613157, -56.85328656, -56.85623681, -56.85642236, -56.85974754, -56.85847894, -56.85580795, -56.85712907, -56.85675556, -56.85831945, -56.85773833, -56.85670980, -56.85398518, -56.85469803, -56.85928638, -56.85752199, -56.85891972, -56.85911142, -56.85792492, -56.86226369, -56.86043091, -56.86068021, -56.86047660, -56.85817000, -56.85570632, -56.85915367, -56.85409853, -56.85600488, -56.85668973, -56.86004983, -56.86015919, -56.85596043, -56.86002266, -56.86037132, -56.86413846, -56.86362647, -56.86104600, -56.85859330, -56.86002977, -56.86045718, -56.86392732, -56.85510372, -56.85673681, -56.85755091, -56.86544967, -56.86276115, -56.86088047, -56.86447385, -56.85519872, -56.86553716, -56.86358141, -56.86157210, -56.85999482, -56.86088532, -56.86162714, -56.86211720, -56.86368805, -56.86135405, -56.86127375, -56.86497866, -56.86313585, -56.86313789, -56.86335397, -56.86308202, -56.86111548, -56.85996206, -56.85784619, -56.86302842, -56.86213384, -56.86733906, -56.86719600, -56.86682062, -56.86342519, -56.86493724, -56.86286397, -56.86535981, -56.86582583, -56.86466098, -56.86158054, -56.86865561, -56.86202572, -56.86465044, -56.86664025, -56.85894784, -56.86607485, -56.86797356, -56.86566354, -56.86718651, -56.86752280, -56.86969989, -56.86584286, -56.86817851, -56.86983355, -56.86906179, -56.86719732, -56.87033222, -56.86998447, -56.87038821, -56.86784565, -56.86883622, -56.86836839, -56.86760554, -56.87076329, -56.87203407, -56.86762128, -56.87072220, -56.87084789, -56.87024395, -56.87041977, -56.86785989, -56.86931600, -56.87061317, -56.86976199, -56.86870180, -56.87168498, -56.86934763, -56.86511504, -56.87113473, -56.86636306, -56.86755684, -56.87256538, -56.87050464, -56.87025732, -56.87057511, -56.87274335, -56.88004687, -56.87097577, -56.87187986, -56.87060757, -56.87040490, -56.87013265, -56.87240800, -56.87138581, -56.86694722, -56.86968999, -56.86881877, -56.87476711, -56.86942195, -56.87046822, -56.87160746, -56.87432358, -56.86632664, -56.87342711, -56.86756033, -56.87120237, -56.87391761, -56.87259371, -56.86932838, -56.87105831, -56.86944150, -56.86812380, -56.87543763, -56.87107739, -56.86271482, -56.87229595, -56.86802637, -56.87297192, -56.91217658, -56.87194495, -56.87372377, -56.86886630, -56.87055354, -56.87147545, -56.87285766, -56.87174405, -56.87406109, -56.87269554, -56.87214869, -56.86391997, -56.87240361, -56.87385518, -56.87083911, -56.87265382, -56.87207814, -56.87074962, -56.87041184, -56.86941458, -56.87652713, -56.87543051, -56.87200779, -56.86856847, -56.87556317, -56.87277932, -56.87228183, -56.87131201, -56.87720099, -56.87240483, -56.87201358, -56.87613312, -56.87568116, -56.87402538, -56.87402997, -56.87449386, -56.87261446, -56.87583111, -56.87247047, -56.87435313, -56.87394359, -56.87202169, -56.87199858, -56.87089282, -56.87323579, -56.87269374, -56.86895276, -56.87335093, -56.87268145, -56.87406244, -56.87210876, -56.87407041, -56.87535662, -56.87324170, -56.87266279, -56.87042619, -56.87441898, -56.87495265, -56.87325329, -56.87647995, -56.87233418, -56.87458974, -56.87109572, -56.87277295, -56.87288518, -56.87759385, -56.87410550, -56.87596317, -56.87540290, -56.87245177, -56.87453746, -56.87463108, -56.87421820, -56.87608050, -56.87253381, -56.87767196, -56.87448813, -56.87651888, -56.87678482, -56.87429473, -56.87254509, -56.87156207, -56.87682036, -56.87543009, -56.87317084, -56.87516291, -56.87514990, -56.87596469, -56.87610273, -56.87572613, -56.87422518, -56.87572587, -56.87233426, -56.87036314, -56.87257461, -56.87511371, -56.87414217, -56.87370428, 