e0D8=[-42.33420153, -42.23362185, -42.32328766, -42.34137266, -42.34848246, -42.34620776, -42.35376195, -42.35320267, -42.35899113, -42.35979932, -42.36137655, -42.36126044, -42.36587152, -42.36871855, -42.36932852, -42.37470659, -42.37375799, -42.37853606, -42.37536509, -42.38030569, -42.37957700, -42.38060120, -42.38314965, -42.38442674, -42.38996076, -42.38496258, -42.38958054, -42.38925098, -42.38881556, -42.39569232, -42.39356952, -42.39296487, -42.38959674, -42.39805024, -42.39870190, -42.40007050, -42.40016474, -42.39779926, -42.40468199, -42.40856846, -42.40375805, -42.40334236, -42.40596045, -42.40505874, -42.40509381, -42.40876821, -42.41010947, -42.41001561, -42.41223517, -42.41284453, -42.41596874, -42.41586155, -42.41190736, -42.41452548, -42.41442299, -42.41599850, -42.41755230, -42.41387376, -42.42127021, -42.41738606, -42.41921770, -42.42360604, -42.42230718, -42.41855000, -42.42352372, -42.42134572, -42.42211297, -42.42535572, -42.42438295, -42.42454816, -42.42404477, -42.42372663, -42.43035532, -42.43010722, -42.42949706, -42.42916604, -42.42730993, -42.42800129, -42.42983870, -42.43245344, -42.42747614, -42.42958988, -42.43233832, -42.42767950, -42.43475334, -42.43259832, -42.43593661, -42.43572461, -42.43381110, -42.43961797, -42.43656500, -42.43800193, -42.43695748, -42.43629394, -42.43583239, -42.43659253, -42.43787492, -42.44050436, -42.44289133, -42.43889758, -42.44340491, -42.43804602, -42.43823581, -42.43937872, -42.43903451, -42.44681357, -42.44465122, -42.44269549, -42.44229610, -42.44311035, -42.44195828, -42.44525609, -42.44497975, -42.44629604, -42.44098168, -42.44348684, -42.44729368, -42.44750954, -42.44570222, -42.44841410, -42.44913060, -42.44463021, -42.44695010, -42.44855693, -42.44759614, -42.44977599, -42.45017693, -42.45194345, -42.44946295, -42.45220894, -42.44945869, -42.45205409, -42.45147307, -42.43517215, -42.44886810, -42.45195741, -42.44856611, -42.45542394, -42.45278464, -42.45107287, -42.45070463, -42.45332742, -42.45103017, -42.45016182, -42.45376444, -42.45557431, -42.45185794, -42.46113516, -42.44975471, -42.45291203, -42.45625499, -42.45101651, -42.45435506, -42.45513746, -42.45752096, -42.45390797, -42.45706752, -42.45547615, -42.45647787, -42.45435006, -42.45919202, -42.45151627, -42.45616225, -42.45764081, -42.45731290, -42.45972113, -42.45780753, -42.45780622, -42.46053626, -42.45784320, -42.45297178, -42.45676068, -42.45696745, -42.45721623, -42.45774255, -42.45700421, -42.45735487, -42.45545995, -42.45843086, -42.46093887, -42.46461500, -42.46082001, -42.46033317, -42.45742580, -42.45820462, -42.45914882, -42.45895947, -42.45669611, -42.45986368, -42.45988834, -42.46218978, -42.46033846, -42.46088181, -42.45791374, -42.46254524, -42.45921227, -42.45949508, -42.45949876, -42.46137245, -42.45747194, -42.45795228, -42.45919201, -42.45790353, -42.46398719, -42.46041190, -42.46364964, -42.46467218, -42.46138515, -42.46299908, -42.46866599, -42.46362079, -42.46798355, -42.46727448, -42.46343785, -42.46313802, -42.46892741, -42.46584269, -42.46729011, -42.46690007, -42.46358428, -42.46874037, -42.46661564, -42.46917473, -42.46891313, -42.46446573, -42.46303420, -42.46331828, -42.46716814, -42.46643128, -42.46965924, -42.46881073, -42.46528418, -42.46319630, -42.46528408, -42.46364233, -42.46709556, -42.46609760, -42.46813607, -42.46894011, -42.46771568, -42.46529557, -42.46912858, -42.46649750, -42.46318472, -42.46870620, -42.46766534, -42.47036399, -42.46476845, -42.46477096, -42.47153430, -42.46433665, -42.47026195, -42.46741842, -42.46998999, -42.46786188, -42.46811215, -42.46508562, -42.47124716, -42.46644996, -42.46701780, -42.46976902, -42.46744099, -42.46929215, -42.47380645, -42.47096582, -42.46628586, -42.46890736, -42.47009561, -42.47291364, -42.46762621, -42.46831228, -42.46796922, -42.46786313, -42.46815752, -42.46575518, -42.46794029, -42.47179780, -42.47386031, -42.46491365, -42.47063566, -42.46350924, -42.46747556, -42.46590606, -42.46916768, -42.46636966, -42.46901523, -42.46858101, -42.46982637, -42.47099785, -42.46739979, -42.46970346, -42.46691732, -42.47209683, -42.46921556, -42.46791658, -42.46979246, -42.46765062, -42.47028526, -42.46811318, -42.47305088, -42.46818948, -42.46689407, -42.47392961, -42.46984201, -42.46586749, -42.47175938, -42.47049582, -42.46959007, -42.46713934, -42.47184699, -42.46524639, -42.46959705, -42.47007374, -42.46917365, -42.47390959, -42.46751327, -42.47378155, -42.47333449, -42.47014934, -42.47305251, -42.46993005, -42.47200450, -42.47266973, -42.47216711, -42.46969600, -42.47201603, -42.47256981, -42.47054261, -42.46885895, -42.47384383, -42.46914743, -42.47163240, -42.47220817, -42.47124133, -42.47181276, -42.47181897, -42.47034462, -42.47224292, -42.47485143, -42.47120327, -42.47107473, -42.47182809, -42.47029364, -42.47160263, -42.47315521, -42.47183789, -42.47374374, -42.47219753, -42.46854193, -42.47158093, -42.47122394, -42.47263683, -42.47056000, -42.47024812, -42.47147935, -42.47141094, -42.46915678, -42.47071943];
