e0=[-20.04841380, -19.73848223, -20.05173561, -20.05324118, -20.05506943, -20.05632420, -20.05762672, -20.05826291, -20.06024073, -20.06247718, -20.06171400, -20.06264092, -20.06155367, -20.06345602, -20.06449331, -20.06502899, -20.06543217, -20.06581711, -20.06779602, -20.06775133, -20.07018507, -20.06977786, -20.07128447, -20.07102222, -20.07120753, -20.07138815, -20.07204226, -20.07202497, -20.07350209, -20.07463172, -20.07457783, -20.07549015, -20.07519127, -20.07640543, -20.07582957, -20.07847501, -20.07700366, -20.07857958, -20.07936174, -20.07933871, -20.07958735, -20.08101235, -20.08053773, -20.08098321, -20.08255465, -20.08108037, -20.08235147, -20.08316172, -20.08189679, -20.08261196, -20.08361310, -20.08339473, -20.08252767, -20.08362886, -20.08568924, -20.08752199, -20.08805233, -20.08938607, -20.08997395, -20.08944707, -20.09145624, -20.09452195, -20.09519296, -20.09299290, -20.09483401, -20.09359216, -20.09505225, -20.09524518, -20.09449612, -20.09429092, -20.09398281, -20.05554688, -20.01207629, -19.98192271, -20.09398281, -20.09344965, -20.09448536, -20.09430625, -20.09437365, -20.09331340, -20.09404248, -20.09178769, -20.09372233, -20.09622410, -20.09262091, -20.09444900, -20.09578888, -20.09670507, -20.09609202, -20.09419984, -20.09556449, -20.09804687, -20.09522146, -20.10018773, -20.10122756, -20.12151323, -20.12275664, -20.12371659, -20.12630540, -20.12446073, -20.12673824, -20.12706908, -20.12806046, -20.12830203, -20.12661244, -20.12671242, -20.12867165, -20.12990865, -20.12906587, -20.13076833, -20.13055369, -20.13158251, -20.13164256, -20.13126883, -20.13155930, -20.13278203, -20.13326649, -20.13316957, -20.13348368, -20.13339377, -20.13424105, -20.13467055, -20.13406996, -20.13480845, -20.13433837, -20.13433364, -20.13537398, -20.13650036, -20.13495840, -20.13652438, -20.13588818, -20.13628473, -20.13556775, -20.13762514, -20.13678691, -20.13729212, -20.13654603, -20.13733337, -20.13760888, -20.13869762, -20.13805473, -20.13826288, -20.13773543, -20.13785493, -20.13886048, -20.14024583, -20.13933858, -20.14006556, -20.14061185, -20.13981642, -20.14061025, -20.13986194, -20.14079832, -20.14115468, -20.14180959, -20.14088519, -20.14168281, -20.14175478, -20.14324269, -20.14294670, -20.14241369, -20.14228325, -20.14328004, -20.14373777, -20.14277374, -20.14282904, -20.14304666, -20.14447936, -20.14431072, -20.14396756, -20.14404266, -20.14305358, -20.14451318, -20.14445725, -20.14473872, -20.14538115, -20.14589108, -20.14498145, -20.14633199, -20.14676686, -20.14598586, -20.14604684, -20.14624841, -20.14654968, -20.14635230, -20.14676777, -20.14618771, -20.14751403, -20.14696506, -20.14657043, -20.14688012, -20.14655554, -20.14734098, -20.14637620, -20.14786717, -20.14800409, -20.14796383, -20.14827162, -20.14879604, -20.14830761, -20.14843589, -20.14830044, -20.14778950, -20.14772932, -20.14814249, -20.14945280, -20.14875702, -20.14906997, -20.14873476, -20.14863015, -20.14835588, -20.14818567, -20.14902398, -20.14914010, -20.14903513, -20.14997078, -20.14979499, -20.14986082, -20.14926035, -20.14944750, -20.14957524, -20.14970256, -20.15037180, -20.14977879, -20.15005907, -20.14913241, -20.14949712, -20.14953625, -20.15068279, -20.14929146, -20.14993042, -20.14982784, -20.15055276, -20.15095402, -20.15096859, -20.15058408, -20.15119737, -20.15046187, -20.15185650, -20.15015341, -20.15081411, -20.15102707, -20.15181050, -20.15169934, -20.15172639, -20.15131622, -20.15284558, -20.15223151, -20.15218084, -20.15235890, -20.15221265, -20.15300876, -20.15307028, -20.15281539, -20.15206895, -20.15412472, -20.15350264, -20.15368397, -20.15364472, -20.15403564, -20.15427046, -20.15383068, -20.15508186, -20.15393923, -20.15555924, -20.15502101, -20.15504574, -20.15500174, -20.15460937, -20.15556062, -20.15496846, -20.15561531, -20.15589877, -20.15515600, -20.15549809, -20.15663354, -20.15548690, -20.15728176, -20.15646538, -20.15603856, -20.15656193, -20.15686314, -20.15671340, -20.15664092, -20.15646612, -20.15695348, -20.15671201, -20.15742888, -20.15753054, -20.15792544, -20.15788028, -20.15691835, -20.15727248, -20.15732286];
